%YAML:1.0
---
rms: 0.10807854341910332
camera_matrix: !!opencv-matrix
   rows: 3
   cols: 3
   dt: d
   data: [ 1131.580963101959, 0., 953.55608386602376, 0.,
       1131.7062879465739, 613.06718444393596, 0., 0., 1. ]
distortion_coefficients: !!opencv-matrix
   rows: 1
   cols: 5
   dt: d
   data: [ 0.038936795383023269, -0.07906923630449221,
       -6.4750471406177401e-05, -0.0004879439405700297,
       0.035639743880791885 ]
image_width: 1920
image_height: 1080
