%YAML:1.0
---
homography_matrix: !!opencv-matrix
   rows: 3
   cols: 3
   dt: d
   data: [ 1.3779823833451978, 0.35758292210221865, -390.80096130379314,
       -0.0099979840577179464, 1.4946534317006694, -56.438333584858995,
       8.7968718497798237e-06, 0.00032102616598892017, 1. ]
scaled_homography_matrix: !!opencv-matrix
   rows: 3
   cols: 3
   dt: d
   data: [ 0.0014266014441348012, 5.1456044534224226e-05,
       -1.4070843346914508, 2.7311657141850098e-05,
       -0.0024468505593826899, 1.1045154325645539,
       8.7968718497798237e-06, 0.00032102616598892017, 1. ]
