%YAML:1.0
---
homography_matrix: !!opencv-matrix
   rows: 3
   cols: 3
   dt: d
   data: [ 1.426160712386954, 0.32517527061253582, -354.04743178772878,
       0.018822334734799044, 1.5742327861646819, -139.54553239975704,
       3.9313594166540751e-05, 0.00031049635198620928,
       0.99999999999999989 ]
scaled_homography_matrix: !!opencv-matrix
   rows: 3
   cols: 3
   dt: d
   data: [ 0.0014462704812365362, 2.8227888235182244e-05,
       -1.368799408112217, 4.4574187317277014e-06,
       -0.0026047495483187562, 1.2584176525921424,
       3.9313594166540751e-05, 0.00031049635198620928,
       0.99999999999999989 ]
